Alabama, 813,479, 813,479, 813,479
Alaska, 123,594, 123,594, 123,594
Arizona, 1,034,707, 1,034,707, 1,034,707
Arkansas, 422,310, 422,310, 422,310
California, 8,274,473, 8,274,473, 8,274,473
Colorado, 1,288,633, 1,288,633, 1,288,633
Connecticut, 997,773, 997,773, 997,773
Delaware, 255,459, 255,459, 255,459
District of Columbia, 245,800, 245,800, 245,800
Florida, 4,282,367, 4,282,367, 4,282,367
Georgia, 1,844,123, 1,844,123, 1,844,123
Hawaii, 325,871, 325,871, 325,871
Idaho, 236,440, 236,440, 236,440
Illinois, 3,419,348, 3,419,348, 3,419,348
Indiana, 1,374,039, 1,374,039, 1,374,039
Iowa, 828,940, 828,940, 828,940
Kansas, 514,765, 514,765, 514,765
Kentucky, 751,985, 751,985, 751,985
Louisiana, 782,989, 782,989, 782,989
Maine, 421,923, 421,923, 421,923
Maryland, 1,629,467, 1,629,467, 1,629,467
Massachusetts, 1,904,098, 1,904,098, 1,904,098
Michigan, 2,872,579, 2,872,579, 2,872,579
Minnesota, 1,573,354, 1,573,354, 1,573,354
Mississippi, 554,662, 554,662, 554,662
Missouri, 1,441,911, 1,441,911, 1,441,911
Montana, 232,159, 232,159, 232,159
Nebraska, 333,319, 333,319, 333,319
Nevada, 533,736, 533,736, 533,736
New Hampshire, 384,826, 384,826, 384,826
New Jersey, 2,215,422, 2,215,422, 2,215,422
New Mexico, 472,422, 472,422, 472,422
New York, 4,804,945, 4,804,945, 4,804,945
North Carolina, 2,142,651, 2,142,651, 2,142,651
North Dakota, 141,403, 141,403, 141,403
Ohio, 2,940,044, 2,940,044, 2,940,044
Oklahoma, 502,496, 502,496, 502,496
Oregon, 1,037,291, 1,037,291, 1,037,291
Pennsylvania, 3,276,363, 3,276,363, 3,276,363
Rhode Island, 296,571, 296,571, 296,571
South Carolina, 862,449, 862,449, 862,449
South Dakota, 170,924, 170,924, 170,924
Tennessee, 1,087,437, 1,087,437, 1,087,437
Texas, 3,528,633, 3,528,633, 3,528,633
Utah, 327,670, 327,670, 327,670
Vermont, 219,262, 219,262, 219,262
Virginia, 1,959,532, 1,959,532, 1,959,532
Washington, 1,750,848, 1,750,848, 1,750,848
West Virginia, 303,857, 303,857, 303,857
Wisconsin, 1,677,211, 1,677,211, 1,677,211
Wyoming, 82,868, 82,868, 82,868
